Meter,Northing,Easting,Elevation,Desc,Carex,carex_m,carex_heights,rise,slope_dist,slope_percent,hd_calc,hd,soil_pos,soil_desc
0,5435789.916,490072.249,-0.241,i:  schopun,,,,0,0,0,0,0,-0.241,c1
2,5435788.569,490070.812,-0.221,i:  schopun,,,,0.02,2,0.01,1.9999000074994,1.9999000074994,,
4,5435787.221,490069.318,-0.184,i:  schopun-eleopal,,,,0.037,2,0.0185,1.9996578378263,3.9995578453256,,
6,5435785.839,490067.884,-0.154,i:  schopun-eleopal,,,,0.03,2,0.015,1.9997750379616,5.9993328832873,,
8,5435784.442,490066.481,-0.124,i:  schopun-eleopal-carelyn,8.3,0.083,-0.041,0.03,2,0.015,1.9997750379616,7.9991079212489,,
10,5435783.062,490065.01,-0.055,i:  schopun-eleopal,,,,0.069,2,0.0345,1.9988108114685,9.9979187327174,,
12,5435781.69,490063.571,-0.064,i:  schopun-eleopal,,,,-0.009,2,-0.0045,1.9999797503075,11.9978984830249,,
14,5435780.288,490062.132,-0.045,i:  schopun-eleopal-carelyn,5.8,0.058,0.013,0.019,2,0.0095,1.9999097561083,13.9978082391333,,
16,5435778.908,490060.676,-0.103,i: eleopal,,,,-0.058,2,-0.029,1.9991595300893,15.9969677692225,,
18,5435777.558,490059.228,-0.089,s: eleopal,,,,0.014,2,0.007,1.9999510018007,17.9969187710232,,
20,5435776.176,490057.774,-0.069,s: eleopal / i: schopun,,,,0.02,2,0.01,1.9999000074994,19.9968187785226,,
22,5435774.79,490056.307,-0.035,s: eleopal / i: schopun,,,,0.034,2,0.017,1.9997110626257,21.9965298411482,,
24,5435773.446,490054.858,-0.005,s: eleopal / i: schopun,,,,0.03,2,0.015,1.9997750379616,23.9963048791099,,
26,5435772.077,490053.416,0.069,s: eleopal / i: schopun-carelyn,10.8,0.108,0.177,0.074,2,0.037,1.9986324040191,25.9949372831290,,
28,5435770.686,490051.983,0.142,s: eleopal / i: schopun-carelyn,9.7,0.097,0.239,0.073,2,0.0365,1.9986690796914,27.9936063628204,,
30,5435769.343,490050.509,0.185,s: eleopal / i: schopun,,,,0.043,2,0.0215,1.9995379101946,29.9931442730150,,
32,5435767.905,490049.072,0.226,s: eleopal / i: schopun-carelyn,11.6,0.116,0.342,0.041,2,0.0205,1.9995798824112,31.9927241554261,,
34,5435766.539,490047.626,0.275,s: eleopal / i: schopun,,,,0.049,2,0.0245,1.9994000200900,33.9921241755161,,
36,5435765.203,490046.15,0.35,d: eleopal / i: schopun,,,,0.075,2,0.0375,1.9985952314184,35.9907194069344,,
38,5435763.839,490044.716,0.398,d: eleopal / s: schopun,,,,0.048,2,0.024,1.9994242487126,37.9901436556471,,
40,5435762.456,490043.275,0.461,d: schopun / s: eleopal / i: carelyn,32,0.32,0.781,0.063,2,0.0315,1.9990084878100,39.9891521434571,,
42,5435761.06,490041.849,0.552,d: schopun / s: eleopal / i: carelyn,47.1,0.471,1.023,0.091,2,0.0455,1.9979329589157,41.9870851023728,,
44,5435759.672,490040.425,0.649,d: schopun / s: eleopal / i: carelyn,47.3,0.473,1.122,0.097,2,0.0485,1.9976518916923,43.9847369940651,,
46,5435758.335,490038.925,0.633,d: eleopal-schopun,,,,-0.016,2,-0.008,1.9999360030718,45.9846729971369,,
48,5435757.045,490037.429,0.608,d: eleopal-schopun,,,,-0.025,2,-0.0125,1.9998437683082,47.9845167654451,,
50,5435755.619,490036.044,0.641,d: eleopal-schopun,,,,0.033,2,0.0165,1.9997278055774,49.9842445710225,0.641,c2
52,5435753.934,490034.772,0.822,d: eleopal-schopun / i: carelyn,,,,0.181,2,0.0905,1.9918597192119,51.9761042902344,,
54,5435752.639,490033.354,0.672,d: eleopal-schopun / i: carelyn,,,,-0.15,2,-0.075,1.9943986197769,53.9705029100113,,
56,5435751.26,490031.854,0.775,d: eleopal-schopun,,,,0.103,2,0.0515,1.9973530141889,55.9678559242001,,
58,5435749.893,490030.463,0.714,d: eleopal-schopun,,,,-0.061,2,-0.0305,1.9990703985211,57.9669263227212,,
60,5435748.576,490029.026,0.517,d: eleopal-schopun / i: schotab,,,,-0.197,2,-0.0985,1.9903677842276,59.9572941069489,,
62,5435747.21,490027.528,0.657,d: eleopal-schopun,,,,0.14,2,0.07,1.9951179342833,61.9524120412321,,
64,5435745.782,490026.152,0.633,d: eleopal-schopun / i: schotab,,,,-0.024,2,-0.012,1.9998560155501,63.9522680567822,,
66,5435744.358,490024.672,0.809,d: eleopal-schopun / i: schotab-carelyn,86.2,0.862,1.671,0.176,2,0.088,1.9923006888526,65.9445687456348,,
68,5435743.054,490023.277,0.715,d: eleopal-schopun / i: schotab-carelyn,79.6,0.796,1.511,-0.094,2,-0.047,1.9977946530367,67.9423633986716,,
70,5435741.72,490021.812,0.736,d: eleopal-schopun / i: schotab-carelyn,78.9,0.789,1.525,0.021,2,0.0105,1.9998897591155,69.9422531577870,,
72,5435740.241,490020.37,0.659,d: eleopal-schopun / i: schotab-carelyn,74.6,0.746,1.405,-0.077,2,-0.0385,1.9985193957661,71.9407725535531,,
74,5435738.879,490018.924,0.717,d: eleopal-schopun / i: schotab,,,,0.058,2,0.029,1.9991595300893,73.9399320836423,,
76,5435737.409,490017.514,0.658,d: eleopal-schopun / i: carelyn,93,0.93,1.588,-0.059,2,-0.0295,1.9991303175897,75.9390624012320,,
78,5435736.068,490016.085,0.694,d: eleopal-schopun,,,,0.036,2,0.018,1.9996760787108,77.9387384799428,,
80,5435734.7,490014.618,0.735,d: eleopal-schopun / i: schotab,,,,0.041,2,0.0205,1.9995798824112,79.9383183623540,,
82,5435733.255,490013.218,0.722,d: eleopal-schopun,,,,-0.013,2,-0.0065,1.9999577513388,81.9382761136927,,
84,5435731.881,490011.78,0.734,d: eleopal-schopun,,,,0.012,2,0.006,1.9999640009720,83.9382401146647,,
86,5435730.515,490010.336,0.716,d: eleopal-schopun,,,,-0.018,2,-0.009,1.9999190049204,85.9381591195851,,
88,5435729.159,490008.863,0.748,d: eleopal-schopun,,,,0.032,2,0.016,1.9997440491415,87.9379031687266,,
90,5435727.869,490007.371,0.715,d: eleopal-schopun,,,,-0.033,2,-0.0165,1.9997278055774,89.9376309743040,,
92,5435726.481,490005.988,0.709,d: eleopal-schopun,,,,-0.006,2,-0.003,1.9999910000608,91.9376219743648,,
94,5435725.081,490004.462,0.741,d: eleopal-schopun,,,,0.032,2,0.016,1.9997440491415,93.9373660235063,,
96,5435723.682,490003.107,0.748,d: eleopal-schopun,,,,0.007,2,0.0035,1.9999877501126,95.9373537736189,,
98,5435722.314,490001.674,0.761,d: eleopal-schopun,,,,0.013,2,0.0065,1.9999577513388,97.9373115249576,,
100,5435720.946,490000.224,0.781,d: eleopal-schopun,,,,0.02,2,0.01,1.9999000074994,99.9372115324570,0.781,c3
102,5435719.689,489998.61,0.809,d: eleopal-schopun / i: carelyn,91.8,0.918,1.727,0.028,2,0.014,1.9998040288073,101.9370155612640,,
104,5435718.386,489997.075,0.81,d: eleopal-schopun / i: carelyn,77.2,0.772,1.582,0.001,2,0.0005,1.9999997500001,103.9370153112640,,
106,5435717.19,489995.453,0.837,d: eleopal-schopun / i: carelyn,71,0.71,1.547,0.027,2,0.0135,1.9998177749075,105.9368330861720,,
108,5435715.917,489993.919,0.851,d: eleopal-schopun / i: carelyn,71.6,0.716,1.567,0.014,2,0.007,1.9999510018007,107.9367840879730,,
110,5435714.703,489992.382,0.885,d: eleopal-schopun / s: carelyn,88.6,0.886,1.771,0.034,2,0.017,1.9997110626257,109.9364951505980,,
112,5435713.317,489990.857,0.903,d: eleopal-schopun / s: carelyn,90.2,0.902,1.805,0.018,2,0.009,1.9999190049204,111.9364141555190,,
114,5435712.113,489989.323,0.947,d: eleopal-schopun-carelyn,93.4,0.934,1.881,0.044,2,0.022,1.9995161756212,113.9359303311400,,
116,5435710.843,489987.674,0.923,d: eleopal-schopun / s: carelyn,94.8,0.948,1.871,-0.024,2,-0.012,1.9998560155501,115.9357863466900,,
118,5435709.707,489986.1,0.975,d: eleopal-schopun-carelyn,92.6,0.926,1.901,0.052,2,0.026,1.9993243425390,117.9351106892290,,
120,5435708.365,489984.585,0.968,d: eleopal-schopun-carelyn,92.8,0.928,1.896,-0.007,2,-0.0035,1.9999877501126,119.9350984393410,,
122,5435707.117,489983.054,0.969,d: carelyn / s: eleopal-schopun,101,1.01,1.979,0.001,2,0.0005,1.9999997500001,121.9350981893420,,
124,5435705.898,489981.508,0.995,d: carelyn / s: eleopal-schopun,101.6,1.016,2.011,0.026,2,0.013,1.9998310214177,123.9349292107590,,
126,5435704.666,489979.957,0.993,d: carelyn / s: eleopal-schopun,111.8,1.118,2.111,-0.002,2,-0.001,1.9999990000008,125.9349282107600,,
128,5435703.341,489978.424,1.06,d: carelyn / s: eleopal-schopun,110.5,1.105,2.165,0.067,2,0.0335,1.9988786937013,127.9338069044610,,
130,5435702.135,489976.8,1,d: eleopal-schopun / s: carelyn / i: schotab,97.2,0.972,1.972,-0.06,2,-0.03,1.9991006070447,129.9329075115060,,
132,5435700.857,489975.309,1.029,d: eleopal-schopun / s: carelyn,96.4,0.964,1.993,0.029,2,0.0145,1.9997897831480,131.9326972946540,,
134,5435699.591,489973.705,1.005,d: eleopal-schopun / s: carelyn,85,0.85,1.855,-0.024,2,-0.012,1.9998560155501,133.9325533102040,,
136,5435698.407,489972.187,1.034,d: eleopal-schopun-carelyn / s: agrosto-wood debris,102.2,1.022,2.056,0.029,2,0.0145,1.9997897831480,135.9323430933520,,
138,5435697.138,489970.641,1.006,d: eleopal-schopun-carelyn / s: agrosto-wood debris,96.6,0.966,1.972,-0.028,2,-0.014,1.9998040288073,137.9321471221590,,
140,5435695.909,489969.044,0.906,d: eleopal-schopun / s: carelyn,85,0.85,1.756,-0.1,2,-0.05,1.9975046777557,139.9296517999150,,
142,5435694.625,489967.527,0.934,d: eleopal-schopun / i: carelyn-phalaru-alistri,91.8,0.918,1.852,0.028,2,0.014,1.9998040288073,141.9294558287220,,
144,5435693.286,489965.958,0.977,d: eleopal-schopun / s: carelyn / i: alistri-phalaru,107.2,1.072,2.049,0.043,2,0.0215,1.9995379101946,143.9289937389170,,
146,5435692.007,489964.506,0.953,d: carelyn / s: schopun / i: eleopal-agrosto,120.8,1.208,2.161,-0.024,2,-0.012,1.9998560155501,145.9288497544670,,
148,5435690.771,489962.947,0.966,d: carelyn / i: eleopal-schopun-agrosto,97.5,0.975,1.941,0.013,2,0.0065,1.9999577513388,147.9288075058060,,
150,5435689.572,489961.39,1.05,d: carelyn / i: schopun-agrosto,111.6,1.116,2.166,0.084,2,0.042,1.9982383303466,149.9270458361530,1.05,c4
